         0    1    UUUUUUUUUUUUUUUU    UUUUUUUUUUUUUUUU   00   00
         5    1    UUUUUUUUUUUUUUUU    0000100000001000   00   00
        10    1    UUUUUUUUUUUUUUUU    0000001100001101   00   00
        15    1    UUUUUUUUUUUUUUUU    1111111000010010   00   00
        20    1    UUUUUUUUUUUUUUUU    1111100100010111   00   00
        25    1    UUUUUUUUUUUUUUUU    1111010000011100   00   00
         0    2    UUUUUUUU00000000    1110111100100001   01   00
         5    2    UUUUUUUU01001111    0001000000010000   01   00
        10    2    UUUUUUUU10110000    0000101100010101   01   00
        15    2    UUUUUUUU00000000    0000011000011010   01   00
        20    2    UUUUUUUU00110111    0000000100011111   01   00
        25    2    UUUUUUUU10100101    1111110000100100   01   00
         0    3    00000011UUUUUUUU    1111011100101001   10   00
         5    3    00110111UUUUUUUU    0001100000011000   10   00
        10    3    00000010UUUUUUUU    0001001100011101   10   00
        15    3    01010011UUUUUUUU    0000111000100010   10   00
        20    3    00110000UUUUUUUU    0000100100100111   10   00
        25    3    11110000UUUUUUUU    0000010000101100   10   00
         0    4    0000001100000000    1111111100110001   11   00
         5    4    0011011101001111    0010000000100000   11   00
        10    4    0000001010110000    0001101100100101   11   00
        15    4    0101001100000000    0001011000101010   11   00
        20    4    0011000000110111    0001000100101111   11   00
        25    4    1111000010100101    0000110000110100   11   00
         0    5    UUUUUUUUUUUUUUUU    0000011100111001   00   10
         5    5    UUUUUUUUUUUUUUUU    0010100000101000   00   10
        10    5    UUUUUUUUUUUUUUUU    0010001100101101   00   10
        15    5    UUUUUUUUUUUUUUUU    0001111000110010   00   10
        20    5    UUUUUUUUUUUUUUUU    0001100100110111   00   10
        25    5    UUUUUUUUUUUUUUUU    0001010000111100   00   10
         0    6    UUUUUUUU00000000    0000111101000001   01   00
         5    6    UUUUUUUU01001111    0011000000110000   01   00
        10    6    UUUUUUUU10110000    0010101100110101   01   00
        15    6    UUUUUUUU00000000    0010011000111010   01   00
        20    6    UUUUUUUU00110111    0010000100111111   01   00
        25    6    UUUUUUUU10100101    0001110001000100   01   00
         0    7    00000111UUUUUUUU    0001011101001001   10   00
         5    7    00101000UUUUUUUU    0011100000111000   10   00
        10    7    00100011UUUUUUUU    0011001100111101   10   00
        15    7    00011110UUUUUUUU    0010111001000010   10   00
        20    7    00011001UUUUUUUU    0010100101000111   10   00
        25    7    00010100UUUUUUUU    0010010001001100   10   00
         0    8    0000011100000000    0001111101010001   11   00
         5    8    0010100001001111    0100000001000000   11   00
        10    8    0010001110110000    0011101101000101   11   00
        15    8    0001111000000000    0011011001001010   11   00
        20    8    0001100100110111    0011000101001111   11   00
        25    8    0001010010100101    0010110001010100   11   00
         0    9    UUUUUUUUUUUUUUUU    0010011101011001   00   11
         5    9    UUUUUUUUUUUUUUUU    0100100001001000   00   11
        10    9    UUUUUUUUUUUUUUUU    0100001101001101   00   11
        15    9    UUUUUUUUUUUUUUUU    0011111001010010   00   11
        20    9    UUUUUUUUUUUUUUUU    0011100101010111   00   11
        25    9    UUUUUUUUUUUUUUUU    0011010001011100   00   11
         0   10    UUUUUUUU01011001    0010111101100001   01   00
         5   10    UUUUUUUU01001000    0101000001010000   01   00
        10   10    UUUUUUUU01001101    0100101101010101   01   00
        15   10    UUUUUUUU01010010    0100011001011010   01   00
        20   10    UUUUUUUU01010111    0100000101011111   01   00
        25   10    UUUUUUUU01011100    0011110001100100   01   00
         0   11    00100111UUUUUUUU    0011011101101001   10   00
         5   11    01001000UUUUUUUU    0101100001011000   10   00
        10   11    01000011UUUUUUUU    0101001101011101   10   00
        15   11    00111110UUUUUUUU    0100111001100010   10   00
        20   11    00111001UUUUUUUU    0100100101100111   10   00
        25   11    00110100UUUUUUUU    0100010001101100   10   00
         0   12    0010011101011001    0011111101110001   11   00
         5   12    0100100001001000    0110000001100000   11   00
        10   12    0100001101001101    0101101101100101   11   00
        15   12    0011111001010010    0101011001101010   11   00
        20   12    0011100101010111    0101000101101111   11   00
        25   12    0011010001011100    0100110001110100   11   00
